default_position: [-1.32, 1.98, 2.16, 0.66]
default_position_2: [-1.32, 1.5, 2.16, 0.66]
hori_pick_high: [-0.8078965482864378, 2.3367640668791267, 0.13294500161675557, 0.66]
hori_pick_high_close: [-0.8078965482864378, 2.3367640668791267, 0.13294500161675557, -0.2]

